# test2
y<-3
x<-5